7.815710224874053424e-02
3.377332470237257478e-04
6.473220567954743364e-04
4.165376713292617827e-03
8.443331175593143695e-05
1.407221862598857418e-04
2.870732599701668938e-03
8.612197799105006379e-03
3.011454785961554734e-03
5.065998705355886488e-04
5.488165264135543876e-03
1.519799611606765946e-03
3.658776842757029070e-04
1.069488615575131616e-03
1.674594016492640322e-02
5.628887450395429130e-05
1.604232923362697424e-03
1.204581914384621893e-02
1.542315161408347630e-02
2.642762657960653905e-02
3.011454785961554734e-03
2.730010413441783142e-03
1.252427457712983021e-02
7.852297993301624382e-03
2.842588162449691778e-03
5.347443077875658080e-04
1.350932988094902991e-03
3.205651403000196742e-02
1.153921927331063094e-03
1.576088486110720222e-02
9.428386479412343563e-03
2.673721538937828823e-03
5.516309701387520602e-03
1.533871830232754439e-02
1.984182826264388813e-02
4.897132081844023099e-03
1.134220821254679039e-02
1.379077425346880194e-02
1.398778531423264249e-02
5.856857392136444185e-02
1.393149643972868730e-02
6.191776195434971772e-04
2.617432664433874505e-03
5.065998705355886488e-04
2.110832793898286073e-03
8.443331175593144508e-04
9.850553038192001384e-04
1.294644113590948673e-03
1.379077425346880150e-03
2.710309307365399087e-02
3.886746784498044255e-02
8.443331175593144508e-04
1.038529734597956784e-02
2.110832793898286073e-03
5.628887450395429239e-03
1.125777490079085934e-03
4.401789986209225791e-02
7.852297993301624382e-03
2.454194928372407242e-02
2.147420562325856250e-02
1.857532858630491640e-03
4.080943401536685916e-03
3.433621344741211688e-03
3.411105794939630481e-02
1.913821733134445958e-03
1.069488615575131616e-03
2.003883932340772694e-02
9.794264163688046199e-03
4.165376713292617827e-03
2.814443725197714836e-04
1.182066364583040253e-03
3.658776842757029070e-04
1.249613013987785348e-02
5.291154203371703328e-03
4.784554332836114896e-04
7.176831499254172561e-03
2.927021474205623256e-03
1.319974107117728203e-02
5.234865328867749010e-03
3.841715684894880800e-02
3.180321409473417689e-03
7.627142495285807108e-03
3.686921280009006121e-03
6.346570600320847189e-02
7.683431369789761427e-03
1.097633052827108775e-03
6.754664940474514956e-04
1.576088486110720265e-03
4.221665587796572146e-03
2.842588162449691778e-03
1.379077425346880194e-02
8.161886803073372916e-04
2.800371506571725996e-02
2.251554980158171652e-04
2.082688356646308914e-03
5.271453097295319273e-02
1.069488615575131616e-03
1.041344178323154457e-03
2.392277166418057665e-03
1.156736371056260766e-02
